0 0.91 65535 1.4 2.6 65535 65535 65535 65535 65535 2.8 65535 65535 65535 65535 65535 65535 65535 65535 65535
0.91 0 0.44 65535 65535 65535 65535 65535 65535 65535 65535 65535 65535 65535 65535 65535 65535 65535 65535 65535
65535 0.44 0 0.9 65535 65535 65535 65535 65535 65535 65535 65535 1.2 65535 65535 1.8 65535 65535 65535 1.4
1.4 65535 0.9 0 65535 65535 65535 65535 65535 65535 65535 65535 65535 65535 65535 1.8 65535 65535 2.1 65535
2.6 65535 65535 65535 0 3 65535 65535 65535 65535 65535 65535 65535 65535 65535 65535 65535 65535 65535 65535
65535 65535 65535 65535 3 0 2.4 3.9 65535 65535 65535 65535 65535 65535 65535 65535 65535 65535 65535 65535
65535 65535 65535 65535 65535 2.4 0 65535 2.7 3.8 65535 65535 65535 65535 65535 65535 65535 65535 65535 65535
65535 65535 65535 65535 65535 3.9 65535 0 1.8 65535 65535 65535 65535 65535 65535 65535 65535 65535 65535 65535
65535 65535 65535 65535 65535 65535 2.7 1.8 0 2.9 65535 65535 65535 65535 65535 65535 65535 65535 65535 65535
65535 65535 65535 65535 65535 65535 3.8 65535 2.9 0 65535 65535 65535 65535 65535 65535 65535 65535 65535 65535
2.8 65535 65535 65535 65535 65535 65535 65535 65535 65535 0 0.43 1.5 65535 65535 65535 65535 65535 65535 65535
65535 65535 65535 65535 65535 65535 65535 65535 65535 65535 0.43 0 1.4 65535 5.2 65535 65535 65535 65535 65535
65535 65535 1.2 65535 65535 65535 65535 65535 65535 65535 1.5 1.4 0 1.7 5.1 65535 65535 65535 65535 65535
65535 65535 65535 65535 65535 65535 65535 65535 65535 65535 65535 65535 1.7 0 65535 65535 1.9 3.1 65535 0.62
65535 65535 65535 65535 65535 65535 65535 65535 65535 65535 65535 5.2 5.1 65535 0 65535 65535 65535 65535 65535
65535 65535 1.8 1.8 65535 65535 65535 65535 65535 65535 65535 65535 65535 65535 65535 0 65535 65535 1.4 0.67
65535 65535 65535 65535 65535 65535 65535 65535 65535 65535 65535 65535 65535 1.9 65535 65535 0 1.8 65535 2.3
65535 65535 65535 65535 65535 65535 65535 65535 65535 65535 65535 65535 65535 3.1 65535 65535 1.8 0 3.5 3.3
65535 65535 65535 2.1 65535 65535 65535 65535 65535 65535 65535 65535 65535 65535 65535 1.4 65535 3.5 0 65535
65535 65535 1.4 65535 65535 65535 65535 65535 65535 65535 65535 65535 65535 0.62 65535 0.67 2.3 3.3 65535 0

